[-40.5],[-102.],81,204
[141.46153],[-20.384613],78,200
[509.67645],[139.05884],76,204
[810.0038],[271.0003],72,204
[898.2678],[309.7022],71,204
[868.15625],[301.89368],72,208
[811.17535],[286.6231],75,207
[761.95667],[269.54916],75,207
[729.7167],[257.24295],75,207
[710.1802],[256.0989],75,203
[702.8886],[253.90598],76,203
[700.3732],[248.67197],75,203
[697.1606],[242.88669],78,203
[697.1022],[241.46533],79,203
[699.41016],[237.8063],80,203
[702.0421],[237.35703],81,203
[704.27893],[238.0184],83,203
[707.17615],[238.81754],81,203
[713.38794],[239.41724],79,203
[721.54266],[243.76779],75,203
[730.6306],[245.15952],74,203
[742.12726],[245.23224],71,203
[743.6162],[244.88232],71,203
[753.05133],[244.50967],70,203
[762.2284],[244.24258],67,203
[769.667],[244.08826],67,203
[771.90735],[242.01474],70,207
[773.9518],[247.98035],71,203
[772.928],[249.19095],71,203
[777.117],[249.19919],72,203
[777.5966],[248.83966],76,203
[778.2613],[241.49023],77,203
[779.6268],[236.11627],77,202
[776.2543],[233.90625],77,198
[774.54926],[233.56128],77,198
[772.8664],[226.50974],78,198
[772.5474],[225.11938],78,198
[772.58716],[225.86853],78,198
[773.7239],[227.04147],76,198
[775.845],[231.98141],76,198
[777.5361],[233.78958],74,198
[777.5871],[232.1005],71,202
[777.97345],[231.86273],65,202
[779.1884],[231.53006],60,202
[774.05255],[235.26138],60,202
[765.7917],[238.31598],60,198
[764.94696],[238.2391],60,198
[759.9243],[237.84164],61,198
[749.4913],[237.46686],68,198
[738.45764],[237.21204],74,198
[729.4027],[237.07065],75,198
[720.5088],[239.00635],75,194
[719.76654],[238.9849],75,194
[712.73987],[238.98297],77,194
[703.51416],[244.97995],77,190
[695.3809],[246.20016],77,190
[691.916],[242.21613],75,190
[695.69727],[240.63873],70,190
[697.98914],[240.26862],70,190
[700.8971],[242.37604],67,187
[701.96344],[246.74133],63,187
[703.99274],[248.14548],59,187
[709.30383],[244.23383],51,187
[707.9179],[242.6731],49,187
[707.2179],[242.29764],49,187
[702.25085],[242.39563],49,187
[696.97577],[242.60785],49,187
[688.9872],[249.78406],60,180
[687.1398],[252.96597],65,176
[685.2053],[256.02774],67,176
[685.4632],[256.64758],67,176
[684.0102],[262.32712],66,176
[678.7243],[269.64044],67,176
[674.6593],[276.0593],69,172
[675.4358],[277.17432],66,172
[671.9948],[281.24625],69,169
[672.01056],[281.04755],69,169
[673.615],[282.06625],68,166
[670.37714],[281.29626],67,166
[668.4344],[279.67007],64,169
[666.8669],[275.44083],60,165
[663.4356],[272.4145],57,168
[664.7099],[272.42947],55,168
[666.7902],[268.91953],49,164
[667.1817],[262.58136],45,164
[665.2449],[255.39749],46,164
[660.34576],[248.31409],48,164
[654.6588],[243.58734],60,161
[655.4607],[243.32974],60,161
[654.16797],[243.96802],65,158
[650.7916],[241.92908],67,158
[645.14307],[244.23581],66,155
[636.5444],[240.32199],69,158
[630.1425],[237.10095],65,158
[628.75476],[238.69482],65,155
[627.9214],[239.41925],64,155
[627.75134],[245.1099],62,152
[629.37665],[245.6507],60,155
[633.35474],[249.06848],58,155
[640.7514],[246.78989],51,155
