[-35.],[-84.],70,168
[6.1538467],[41.846153],77,169
[97.04413],[301.77942],76,170
[171.13336],[514.67566],72,169
[194.01282],[576.9076],71,170
[192.92014],[561.27356],70,169
[187.12553],[527.5095],69,168
[182.2137],[495.89032],68,170
[177.2749],[476.34113],66,169
[174.96071],[465.91382],72,171
[176.97035],[462.8676],69,169
[179.22273],[460.67737],69,172
[182.22836],[461.86792],71,169
[185.76302],[461.11475],75,172
[187.60832],[462.6098],75,169
[190.07675],[462.72418],72,171
[194.4279],[461.1488],77,172
[199.76956],[460.77814],76,171
[207.08913],[460.5797],76,172
[215.064],[458.80194],77,172
[216.10974],[458.32172],77,172
[219.57352],[458.3806],77,172
[227.22989],[458.58545],77,172
[232.26837],[455.7785],80,172
[240.6481],[456.00317],81,159
[250.62534],[455.39392],79,161
[251.35425],[457.29846],77,160
[255.03662],[455.24255],81,162
[263.22812],[455.1922],80,118
[272.9702],[449.7357],79,118
[281.9603],[449.27203],79,119
[289.57874],[452.31226],77,119
[289.3004],[454.6529],78,117
[295.1497],[452.7753],77,116
[303.20584],[453.4218],76,115
[305.92685],[452.94086],75,119
[312.7962],[452.72394],76,119
[320.57278],[450.72906],77,136
[320.4066],[453.78503],77,136
[323.41257],[455.17267],77,136
[327.9842],[455.9364],77,136
[336.16068],[451.5924],71,135
[341.46768],[450.63824],71,135
[346.72165],[448.46143],71,135
[345.8942],[447.96265],71,135
[347.15967],[447.12622],71,135
[350.58264],[447.13593],71,135
[352.84],[448.3675],70,167
[355.5127],[456.78827],68,166
[358.26135],[459.748],63,163
[357.6523],[458.45715],65,162
[360.26755],[457.56665],64,161
[360.5284],[459.3656],63,159
[359.9953],[458.1989],62,158
[359.37625],[456.3307],67,160
[355.83786],[451.9709],71,164
[355.11853],[451.2638],70,163
[353.71423],[449.1231],70,163
[351.37488],[440.747],73,169
[349.31238],[435.4997],73,169
[345.90765],[426.69272],64,151
[343.83325],[420.28177],67,155
[344.61572],[421.27277],66,154
[344.4175],[417.4575],72,161
[345.74445],[413.73303],74,171
[342.54175],[409.11624],68,173
[338.50345],[410.5938],62,161
[327.8247],[410.95206],72,153
[326.06293],[410.76212],69,157
[315.2767],[414.29794],74,144
[306.89398],[416.91132],77,138
[296.35406],[420.41965],87,137
[293.3765],[424.81155],92,130
[293.92905],[428.13846],94,125
[294.63156],[427.34973],94,125
[295.55994],[428.00266],94,125
[298.27292],[431.19736],94,122
[302.31183],[432.65164],93,121
[305.28516],[431.74484],97,123
[306.408],[430.5502],97,123
[305.02402],[429.02307],97,123
[305.98975],[426.5541],96,125
[304.83432],[425.24435],96,125
[305.23053],[421.07742],95,130
[303.13318],[418.85336],95,130
[305.45206],[414.5258],93,136
[305.01813],[412.56946],95,138
[304.18652],[410.71457],95,138
[302.8795],[409.54105],95,138
[302.53018],[411.61456],83,145
[299.74414],[412.72687],84,146
[298.73264],[413.9953],84,146
[298.1117],[413.0821],84,146
[297.496],[413.47705],83,145
[297.61203],[413.30206],82,144
[297.9144],[413.00583],82,144
[299.33112],[412.91315],83,145
[300.11627],[413.06406],82,144
[301.16684],[412.9415],81,141
[302.2856],[412.46152],77,146
