[-134.5],[-256.5],269,513
[3.846161],[-196.23077],269,512
[293.52942],[-73.98529],263,513
[532.7704],[26.438232],254,511
[601.68396],[55.4859],254,511
[587.32574],[52.98883],250,508
[554.45],[42.795258],238,507
[524.322],[35.220764],235,508
[506.4273],[30.559174],230,508
[497.26703],[32.94345],226,504
[495.28662],[35.25995],219,502
[499.52948],[43.36148],213,497
[500.35095],[51.041687],213,490
[503.79547],[56.083862],208,488
[507.1432],[62.073242],203,482
[507.35754],[67.74603],203,476
[512.3118],[70.42615],196,471
[515.6595],[77.43994],190,462
[519.5613],[81.4613],187,460
[523.1205],[86.632324],182,454
[523.10114],[86.49719],185,454
[533.20996],[88.6994],174,451
[536.24194],[95.39307],173,444
[542.3286],[103.93512],167,436
[541.5605],[104.73074],172,436
[549.3079],[107.14804],162,430
[551.4449],[110.31595],159,429
[555.88983],[115.724396],160,424
[558.82056],[120.08261],157,421
[561.40186],[124.319305],153,416
[563.84766],[124.14581],153,417
[564.0329],[123.5972],153,417
[567.4726],[129.94174],148,410
[570.31067],[130.52155],145,410
[573.3158],[130.23837],145,410
[573.8315],[129.7785],145,410
[576.4314],[133.39905],143,407
[576.4863],[133.92273],142,407
[581.89856],[132.80423],134,408
[582.05634],[132.37354],134,408
[581.78253],[131.13089],137,409
[581.9188],[130.86578],137,409
[581.6828],[130.82578],137,409
[581.40497],[130.86621],137,409
[583.1945],[132.92267],137,401
[582.6804],[132.36035],138,396
[581.4717],[131.626],139,393
[583.11115],[129.36871],138,390
[584.4228],[128.72165],137,388
[581.54456],[128.91672],140,380
[580.9614],[128.39166],140,378
[577.80164],[127.7186],140,377
[578.8998],[128.05762],138,370
[577.2636],[127.68945],140,364
[575.29456],[127.36569],142,362
[572.2179],[127.76166],143,359
[569.6731],[128.10385],145,357
[567.6063],[128.47931],147,354
[566.7039],[128.60342],148,347
[564.9758],[127.99759],149,349
[563.9157],[128.72845],147,342
[561.6191],[128.27206],149,341
[560.64307],[128.50601],150,338
[557.91095],[128.57715],153,333
[555.8673],[128.27075],155,331
[555.89215],[128.39688],155,330
[555.23517],[128.77295],156,324
[556.4174],[128.34818],155,322
[553.8062],[128.414],155,322
[553.07153],[133.91376],155,311
[553.1286],[134.24158],155,311
[553.4071],[137.57297],157,302
[553.9744],[137.34686],157,302
[554.15454],[137.47537],157,302
[554.1626],[137.67374],157,301
[554.1159],[146.67773],157,286
[554.0668],[147.2319],157,286
[554.0317],[147.33023],157,286
[551.0115],[150.2576],163,283
[551.00183],[150.61343],163,283
[549.99744],[153.53537],166,278
[549.1478],[159.49911],169,269
[549.3008],[159.79306],169,269
[548.25543],[157.642],172,274
[548.31647],[161.55518],172,265
[548.2395],[161.20929],172,265
[551.14],[165.03915],170,259
[550.676],[171.27655],171,250
[550.4829],[171.72089],171,250
[550.27844],[171.63824],171,250
[550.13226],[175.42139],171,241
[550.0479],[175.07645],171,241
[550.0078],[174.94855],171,241
[549.9933],[181.9224],171,230
[549.99097],[182.39352],171,230
[549.9929],[182.41785],171,230
[549.99567],[182.2991],171,230
[549.9978],[184.1756],171,223
[549.99915],[183.6294],171,223
[549.9998],[185.57346],171,221
