[-55.],[-157.5],110,315
[6.53846],[-115.38461],121,315
[144.55884],[-28.676468],121,315
[251.11621],[42.186737],121,315
[281.56122],[62.972794],121,315
[272.94293],[54.759583],121,309
[255.14807],[44.379105],121,303
[240.01617],[34.448563],121,303
[229.28394],[28.573853],114,303
[221.75797],[25.708786],116,303
[219.54617],[24.624237],116,303
[221.30457],[27.408188],121,297
[224.10626],[27.521225],123,297
[226.2243],[27.700089],126,297
[225.95285],[21.856339],129,297
[225.73651],[20.124496],129,297
[225.1466],[20.164597],129,297
[221.61652],[23.73085],140,291
[225.0231],[24.285995],140,291
[227.74817],[24.670181],137,291
[227.59259],[24.88646],137,291
[227.06451],[24.986435],137,291
[226.58273],[25.020905],137,291
[224.26996],[28.025055],131,285
[223.57834],[31.018753],125,279
[222.89081],[31.01117],120,279
[224.56396],[31.005493],111,279
[225.4454],[31.002121],104,279
[225.42111],[31.000458],104,279
[236.1932],[36.988434],83,279
[240.82132],[38.81096],75,279
[243.36417],[38.8179],75,279
[233.3371],[38.271225],88,279
[227.16672],[37.72139],95,279
[226.60706],[34.337524],95,284
[226.85187],[33.967148],101,284
[231.17657],[33.864548],103,284
[233.73703],[33.874252],105,284
[234.29425],[36.915176],105,278
[237.76337],[36.9532],105,278
[238.28485],[36.97888],105,278
[243.74594],[36.993073],101,278
[247.26648],[31.010849],99,278
[249.35175],[29.190292],91,278
[248.0639],[32.183563],87,272
[246.74396],[32.72989],87,272
[246.42029],[33.279266],87,272
[244.51212],[33.663727],75,272
[242.25708],[33.882034],75,272
[242.40576],[33.983963],69,272
[236.32562],[34.019775],78,272
[226.65958],[34.02469],91,272
[226.40433],[34.018723],91,272
[215.1142],[31.021667],111,267
[212.29062],[29.345245],118,267
[210.01309],[32.33458],123,262
[211.37857],[35.985046],121,257
[212.67249],[34.639984],124,262
[213.62009],[35.099518],124,262
[218.71127],[35.20906],124,262
[220.04315],[27.189667],124,267
[219.83093],[25.455719],124,267
[224.20901],[25.395187],119,267
[228.40979],[20.870743],116,267
[228.80466],[19.837204],116,267
[230.38077],[20.176147],111,267
[228.68707],[20.829712],109,267
[226.66989],[22.380585],102,266
[225.09732],[22.88681],98,266
[223.59402],[23.074768],92,266
[222.95233],[23.109299],92,266
[222.6907],[23.086792],80,266
[220.48572],[23.053757],82,266
[219.17773],[23.027481],89,266
[215.69656],[23.0112],98,266
[207.40332],[23.002884],112,266
[207.19061],[22.999481],112,266
[199.3703],[28.987228],128,266
[198.61407],[30.810043],131,266
[198.95178],[30.817352],136,266
[199.82361],[33.26999],141,261
[203.5936],[32.872223],141,261
[204.25775],[32.488083],141,261
[211.76562],[32.224045],138,261
[216.05197],[32.076187],138,261
[219.42703],[35.00734],138,256
[219.41776],[35.136093],138,256
[221.37747],[35.13411],138,256
[221.2551],[35.093033],138,256
[220.53525],[35.05246],140,256
[219.15591],[35.024292],143,256
[221.83795],[35.008423],143,256
[224.39877],[38.00009],140,251
[225.29688],[36.1485],140,256
[225.17819],[28.31105],140,261
[226.78552],[26.595749],137,261
[229.58005],[31.498596],132,251
[229.49442],[31.922333],132,251
[230.32483],[29.377335],124,256
[237.26389],[29.551636],108,256
