[-60.5],[-95.],121,190
[-4.615383],[-4.8461533],117,189
[104.89708],[179.16177],118,192
[193.91437],[332.66187],118,190
[219.9096],[376.53296],118,190
[212.20755],[365.00946],120,190
[199.64682],[340.23608],118,190
[185.4711],[320.02338],119,189
[176.94019],[305.46683],119,191
[170.55614],[299.18512],120,189
[170.29553],[294.0147],119,189
[172.27332],[293.43762],119,189
[172.09541],[293.73206],119,191
[172.01352],[293.50998],118,191
[173.82793],[293.58948],119,192
[175.582],[293.8923],118,189
[175.78821],[291.5649],117,189
[177.45723],[290.9883],117,190
[178.82336],[288.27518],118,191
[182.13696],[285.82547],117,191
[185.64182],[284.43686],118,192
[187.36087],[285.63687],118,192
[187.17036],[286.41293],118,192
[187.4573],[288.824],116,190
[186.80075],[288.30484],116,193
[184.36147],[288.51175],118,192
[183.81702],[288.26724],116,193
[183.40402],[291.2604],115,191
[182.30754],[290.78915],116,191
[182.33539],[290.40683],116,192
[183.54259],[291.31882],116,191
[184.04741],[292.34583],116,191
[182.19023],[292.5534],116,191
[182.56863],[295.44562],114,189
[181.51003],[294.8878],116,189
[176.64488],[293.45032],121,191
[179.02318],[292.18338],126,191
[183.7924],[289.7441],128,194
[190.29153],[288.53888],133,193
[196.32214],[285.17334],137,185
[227.41898],[284.18823],117,180
[245.1748],[283.97266],109,186
[262.26392],[288.7267],96,186
[268.06512],[291.54962],100,190
[273.0633],[293.8431],121,194
[289.71725],[294.59003],108,195
[296.2551],[291.1926],104,195
[303.2245],[287.51572],98,181
[320.6181],[282.12796],89,173
[343.20673],[281.1394],77,175
[356.44672],[279.61307],76,178
[355.8499],[280.62466],90,181
[363.19882],[280.10376],92,186
[368.63724],[279.97745],100,186
[378.57047],[279.9544],106,177
[378.60352],[274.58658],115,193
[415.73404],[276.84317],85,159
[439.7936],[272.39853],73,173
[433.41565],[273.56485],91,174
[444.83478],[272.80237],88,182
[456.55914],[272.14932],83,184
[467.15472],[272.21814],81,175
[474.98895],[269.82135],81,161
[487.3391],[267.32455],70,159
[509.57037],[266.36804],56,165
[519.5968],[269.08432],54,164
[521.1304],[267.33777],60,168
[520.4399],[263.61655],68,174
[515.8917],[263.51605],80,171
[524.23706],[262.1845],76,164
[535.5657],[259.98572],73,142
[551.8541],[256.59753],61,128
[558.90283],[256.04147],57,159
[558.048],[263.6903],60,148
[559.11053],[262.4309],60,158
[559.8849],[261.45135],62,147
[562.2445],[255.03537],63,165
[564.1309],[257.12482],62,149
[570.604],[256.3049],51,133
[575.10876],[257.1231],46,142
[577.0774],[260.90714],46,142
[577.05115],[260.3733],43,160
[572.97205],[261.83908],45,155
[571.7461],[260.6688],42,154
[570.9937],[259.65857],43,153
[567.22363],[261.01993],48,129
[560.08075],[258.78305],53,126
[562.9431],[260.61902],50,122
[558.98737],[260.59363],50,120
[556.09143],[259.97827],54,154
[557.3963],[265.56683],51,153
[556.82214],[265.04346],52,147
[558.1561],[263.7544],49,143
[558.36145],[262.2294],48,139
[565.45703],[262.09406],42,132
[567.86896],[263.2765],36,114
[568.4299],[260.4267],32,111
[565.8677],[257.16888],31,133
[562.9831],[257.684],29,132
[560.11475],[258.78113],28,133
